605289
300374
603161
000767
600838
002198
838163
000883
600391
002808
002303
002024
300793
301063
002760
300435
300364
600880
003031
688139
002020
603116
002147
003011
002906
300196
300085
300432
603039
000620
000566
002244
300013
300523
603067
002786
002648
300202
300906
603010
600162
603102
002463
601609
600649
688686
002826
002960
600219
301015
300880
300530
002995
301166
688095
300761
300684
603053
688087
002966
835508
600909
300655
600791
300141
603360
300602
601113
603682
002130
603976
601916
002281
300198
603690
002293
002307
002676
605286
300375
600905
603618
836077
300816
300386
603187
600512
834475
300812
300112
002617
002499
300049
603501
000534
000996
600816
300838
600322
688607
300275
300259
300887
600363
688388
300425
002031
002799
300723
600375
000968
838924
002308
002721
002547
000678
603363
603615
600691
603213
870204
603025
688101
000717
300789
600463
600272
001203
300709
300875
601966
601963
300503
603198
688551
600100
002179
603101
002290
600020
871245
601528
000852
688013
002092
002714
300008
603669
688202
600850
002958
300234
688289
002340
300082
301199
603557
689009
300971
688009
300774
000656
001216
601128
834021
838275
301235
600811
601777
002087
300400
000676
002240
605336
000703
600582
300514
000536
002674
301056
300661
000031
300219
000421
301042
600717
002970
601018
688063
300073
002382
000008
000887
600215
600986
603885
002134
002044
600223
601100
000005
688278
002942
600900
000692
300438
600941
002028
871642
300042
300946
601727
600526
000516
002084
000532
300114
600185
600381
600423
600589
300501
600862
300502
600107
300106
600901
600773
688157
300629
600281
002411
002607
603238
603365
605060
600531
002767
601066
600338
002421
300606
688339
003816
003003
300445
601998
603290
000066
601138
603500
002478
300389
603555
605189
300712
600452
002803
300346
603887
688219
603332
600077
603619
003026
300322
603626
000006
002402
300292
688126
603538
002652
000813
300888
002017
300634
600790
603599
601968
688509
301072
002138
300811
688590
300710
688017
603030
605589
300515
688068
600470
300827
300674
300560
600177
600748
300466
688577
839946
300393
301012
688071
600093
300281
300176
000977
002528
300110
002634
603733
000603
000537
000059
002006
600703
300692
300152
002717
300883
301069
600340
601800
300611
600488
300320
603059
600926
002276
603729
603278
603803
603700
002016
300299
300094
301022
002540
000570
301091
603636
835368
301018
600462
002510
002262
300556
000776
601010
601636
002346
301027
603985
600867
002444
688308
600480
002959
300927
601398
601618
000933
300290
300439
002531
300266
300823
300981
688408
002110
688359
000880
300972
002684
000803
002433
600588
603901
603393
688276
300411
600128
605218
600521
603719
600367
603421
300236
600583
300847
688065
603533
603577
600179
002452
000504
600050
600278
688606
600739
688358
002919
002843
000935
300293
301075
605299
000503
002471
300961
301078
002077
600212
600728
002344
605333
603879
603188
300213
000422
600323
000700
300083
300323
002236
002560
300314
600895
603000
300410
600252
002266
300929
600774
601595
300241
600795
600307
601126
600968
300542
603040
601366
600163
600797
000826
835184
002621
002321
300003
600628
603066
603956
000166
301211
300896
600506
300504
002869
000811
002078
300678
002255
300247
002223
300842
603048
300923
600250
000681
600206
300598
002601
600817
600933
603225
300907
603713
002139
003033
600051
605167
000558
603195
601168
301149
300105
300403
300272
002001
603650
002672
001219
600320
603129
688737
300168
300014
600038
000068
600981
600148
603823
301059
600410
002459
601163
603313
002215
300878
000530
688007
300081
002286
002319
601696
000065
002296
300074
601186
600535
000023
688777
002708
002871
600710
002541
600688
002060
003005
603392
002495
600132
688020
002986
603711
430418
600030
600306
000019
300080
688051
837344
300959
300016
002715
600021
000738
002724
600918
605138
605169
300605
601608
002997
300516
002315
688622
605136
300527
600373
600836
688299
300026
600496
600487
300876
300702
688323
000762
300273
832000
300015
600104
002434
002635
688032
601788
300591
300492
688379
600351
301045
688667
688217
002615
603997
300243
301048
600612
601169
300437
601368
600600
300978
605183
000927
301068
600860
600305
601606
833819
000584
000850
301108
688329
002883
603590
301080
603439
002979
601996
601228
000531
300828
002578
600584
605005
002391
301021
000592
300136
300399
600696
600331
600893
300864
002781
300525
002063
002909
300145
603883
688183
300899
002438
002916
300936
000690
603530
688687
002267
300098
605365
002414
603260
000985
300057
300541
300551
301070
002638
002040
300870
000779
002299
300124
301096
603633
300446
603103
300125
002367
300052
688678
600165
000301
000661
600299
603520
000608
000564
603022
300813
600853
002460
002317
603697
002053
688600
603112
300635
603055
000708
002549
002363
300781
300719
603815
300012
300103
002503
000020
300226
603912
001965
871396
002562
300441
300548
600025
300806
688618
002123
300426
002328
002445
301193
600232
002166
600697
600845
605066
000729
300095
300770
000726
603828
688181
688786
605050
600011
002668
601611
603817
002466
002392
300072
002487
002206
300652
603477
301037
603155
688676
002171
688800
600235
600661
300511
688580
002194
300975
600892
600466
300263
600999
300624
002600
002366
600497
605056
300149
300448
600655
300529
600751
002520
300977
301029
000517
002291
002375
002590
837212
603630
603336
688226
002268
002619
000607
300366
000555
300891
605151
000633
300760
300815
600766
601628
000861
300053
002892
603269
300486
688030
000809
000007
688173
600265
688608
002641
300345
600970
605378
300311
600635
688232
832171
300850
000797
002930
300663
601117
688575
002863
002294
300113
300942
603982
000001
002787
300324
002650
002394
600603
300197
300310
300659
603080
836149
836260
688069
000948
002107
688003
300590
002857
300960
600573
000672
002936
300796
603308
600936
600061
002222
300905
002701
300792
000812
600557
603580
688002
605196
300315
000951
300442
300459
600202
000039
300488
300998
603721
300254
600006
688001
002498
002627
430047
601988
605108
300986
002566
300645
002384
600295
605300
000559
300420
002327
603843
603121
605003
688021
300988
300662
600469
300242
002329
300824
300479
300848
600503
603399
300077
002729
605319
600822
002210
603179
688538
301081
600403
002177
600279
300212
600689
601020
300749
000663
300368
301007
688739
300035
603819
600197
688499
601518
600721
000976
002253
002631
603528
000877
300276
301083
000585
300171
600829
688105
688662
833266
600857
002150
605009
300999
002002
832735
300321
300953
688180
600301
300061
002973
002263
300252
300291
600313
600776
002903
003035
603150
601658
603353
603579
002609
300157
688378
002292
002572
300271
300519
300621
000669
600056
000691
002793
300189
002221
300626
300730
300612
002090
300753
603086
831961
300182
835174
002088
002737
002859
300622
300193
601199
688262
600609
600801
002004
003027
300131
002920
600032
300056
605398
601099
002910
300604
300955
600731
300086
300475
603298
603696
300351
688235
600200
002929
600382
002364
002823
000828
300699
000755
600844
300759
603898
688191
600993
688789
600310
000937
001205
300326
002230
600099
600815
600578
603328
600550
603348
002792
300017
300388
600448
300668
605111
300969
002484
002835
300658
300058
300549
300863
301082
600176
831726
002108
000757
002928
000990
000069
300062
300120
605055
688233
688223
300512
601118
600881
600987
300051
301089
000596
000598
000936
600770
601799
603177
688597
300787
603185
002945
603596
600326
301167
605580
000978
600126
000430
002573
002865
002876
000723
300718
300535
688569
600031
603779
603900
688508
600579
002937
002732
300685
601375
603920
002009
600818
600429
002072
300433
002420
000682
600694
603079
430510
300720
300101
600098
300127
600610
603787
600063
000419
300821
600575
688767
000960
600378
002252
002671
002776
300570
300790
603535
300980
603726
836892
000099
002476
003029
300353
300628
301158
600311
600387
688110
300631
300673
000417
000953
000572
300224
603897
688377
601669
300334
301046
000902
300474
002555
300333
600390
688318
603677
002915
300337
300738
688036
002983
688008
002779
600898
601872
300344
600376
300379
605028
603797
600398
605566
003019
600113
600647
600276
600129
600746
603861
002790
600518
603387
002766
605007
301005
688722
301066
603303
300390
688033
300688
002616
688586
300373
600425
603016
301065
001218
002233
002162
301073
300339
002795
600213
600809
605318
603259
600992
002225
601009
603031
301010
603368
000777
603212
600674
603916
000029
600026
300697
002219
300940
605188
000802
688177
002702
300822
603967
000888
605388
300150
603056
002175
002649
003042
600698
603358
603717
600300
000923
002719
300576
002167
300967
002813
600101
605296
600623
002785
300352
601137
002980
603617
600112
002403
600155
300306
002582
002664
300696
603028
002043
603602
600426
002570
603013
603755
001217
688236
300304
000666
300943
300639
601198
601616
003036
688733
600135
603127
603258
000637
000710
002620
603021
603090
688333
300404
688127
300809
000980
000807
600084
600508
000868
002287
600657
603979
002665
603607
603716
605287
688049
002492
002259
600230
300695
688270
002697
600257
002136
002431
600611
301067
603379
000753
000856
000761
300920
603178
600532
603088
600835
603678
831832
000989
605288
300312
603886
600054
600455
601222
002113
300636
603012
000886
301085
002902
000573
603656
301101
600169
605001
000630
000096
603429
300901
601158
605488
600837
002447
600666
002731
300262
300467
002196
600779
603229
600000
600519
601068
688566
688368
600768
600191
603681
002325
300676
832089
300025
601298
300736
600346
688398
002923
000567
300123
300409
600292
000601
000587
688085
605162
002951
603999
002598
002271
002514
600712
688560
301159
002861
600807
002961
300587
603585
688696
002975
002858
300377
600308
600826
600560
000971
603160
000735
600856
688698
001227
002963
300742
300227
002629
301008
002571
002469
002602
600782
300235
600208
002797
300187
688078
603038
688269
603333
600444
688162
603279
603699
000615
002885
300336
002023
600368
002212
600538
300801
002144
300992
688367
301186
688559
301035
603970
603032
603958
300595
300170
300449
688625
603569
831010
000961
605081
601828
600805
300109
003006
688683
300456
300222
300508
601928
300423
002890
600408
300349
000541
300855
000657
300786
600865
688022
605089
600141
300665
002953
000523
603806
000799
002741
301030
002508
600523
600658
688613
600684
002462
601952
002272
601058
002180
688335
300872
600355
603693
600536
300231
833874
000520
000617
002830
603938
301119
830832
600854
600120
600868
002350
600115
300533
600802
600804
600071
603826
300963
688468
600476
603637
300780
000011
300179
300457
300637
600018
603003
688669
603889
002769
000913
600356
600352
000860
601377
002500
002537
000695
300632
601990
002389
603138
000963
300818
001202
002689
000810
002622
300857
300908
603996
605122
603759
603338
000557
603660
688728
600581
000938
688076
000613
603527
000768
002976
000090
600161
603111
301009
002467
000027
300332
600066
601878
603105
000836
000920
836433
688188
600585
300935
002373
300937
603799
002374
603937
603489
688230
002669
000712
002939
601006
603356
000823
002556
600527
002845
001872
300301
300871
301111
300537
603881
688518
688363
603099
605266
600861
688369
601827
300269
600218
600973
600515
603903
000906
002187
002490
002076
300313
000949
300826
301025
301136
600097
300957
002261
300762
300656
300644
300913
002217
002410
688309
300667
601702
688268
301168
600172
000070
002226
600255
601098
603369
002847
601600
002666
601900
301123
300358
688689
002941
300043
603196
002772
000837
002594
002011
000610
300405
600259
600604
600743
002670
000788
600327
300469
300995
300499
601369
603396
605567
002723
300140
002125
002486
300067
300650
300711
301090
831039
605258
600486
601069
300421
002644
688029
003022
300465
300670
601139
688199
600834
600882
600958
300837
301196
300037
688626
000995
002778
300836
300951
002415
002642
601326
600965
002595
002172
002448
002654
300962
300800
600377
300561
688328
002400
605298
300340
002552
600231
603698
600335
839680
002551
000950
000903
002637
601236
002742
603019
002062
000004
600330
300691
601107
300700
600833
000509
000639
688112
600745
002682
603519
600477
002182
601333
300397
300460
688779
600577
000061
600939
001215
301201
301182
002371
600495
300909
600598
000736
301002
600640
603386
601995
600491
688529
002129
300776
300915
600227
603928
603918
601933
688056
000507
688799
600303
300444
601886
600500
002464
002416
603115
300483
600733
688316
002430
300834
300054
600824
688393
601868
603587
002886
603117
603069
603676
601127
600639
002998
603610
830946
600821
603536
601038
600228
603966
300020
688315
002660
000928
600353
003041
002546
603157
300805
603948
000560
002758
002695
301000
603986
301188
300107
600138
300938
600482
300737
600990
688579
688060
002554
002770
600675
300573
300509
688098
688161
605180
000529
603836
832278
002058
000540
002064
300010
000599
600753
600995
300910
002019
600439
000088
000759
002289
600150
300365
688111
300701
603029
603267
300274
300615
002933
300766
002730
605499
600624
600549
600927
688011
688211
000930
300911
301051
600091
601208
603035
600699
002191
301178
600458
002050
000830
002362
002935
601991
002153
603331
300256
301177
603320
688234
688677
600602
603668
002593
600528
002880
603813
300669
002716
002304
300159
603983
300675
600127
000037
300496
000982
600196
000869
300600
601599
300258
603220
688169
000055
002342
300539
603327
002305
002239
603927
300225
600350
300493
000546
002201
000100
002199
002309
300319
600988
000525
300912
688395
300172
600903
300553
600565
603398
000155
002105
002940
000426
000962
300618
603659
603963
002021
600787
002832
000905
300982
688208
688319
002429
300897
601877
002827
688516
300183
603027
000060
002658
603506
605158
688091
603176
002109
300686
000157
002146
300918
600289
300853
601949
000401
301098
300945
000626
300773
300048
603300
603458
688310
688088
300075
603189
600886
601106
002675
430090
600116
600088
600650
000929
600288
600960
601229
605222
688167
002938
300383
002352
600533
300038
600152
300128
002651
000627
603192
601665
600864
300687
688195
002494
301138
002967
301213
002506
603123
603559
688630
002265
002442
300758
603041
002116
000526
000413
002756
601668
603203
600769
605255
300207
300933
688055
002351
300505
300965
000893
300791
603825
002809
002280
600884
688656
688466
000521
002707
688103
688128
601512
003001
603299
600798
002771
002202
002273
688619
600222
603355
002176
601328
300063
603969
300029
300246
603508
002596
300328
300567
002425
600258
600916
601003
300162
002349
002370
600242
688611
300841
300654
002178
603017
831445
000975
688655
002789
300173
300976
300039
600256
601798
603228
300001
300861
300750
002461
301040
688067
300264
002736
002453
300968
301079
600548
000839
605178
003025
300677
603868
000822
600982
002124
601187
002323
000910
000981
000423
000998
301092
601678
603297
603578
601028
605268
002802
300735
300381
300839
601965
605068
603216
603777
300484
002690
002952
000697
300447
002161
301004
600843
601555
688501
002189
000582
300434
002408
002565
300044
300607
002505
688131
300079
600316
300191
002527
300181
600637
688521
000034
600847
002968
002214
600737
603558
300316
600671
833454
603917
300021
300047
300993
834415
600283
300966
600183
002025
001234
002875
603809
605368
300443
600262
601858
605358
600545
688510
300630
300204
600509
688280
300398
688108
605376
601918
688206
300545
603011
603838
600724
601212
605598
688981
603109
300233
002532
000409
600397
871981
300190
603089
002326
603816
831305
000795
002229
300775
600644
605008
605020
002313
603908
002380
002533
600685
000538
835185
000415
300886
603315
300840
600180
002282
002866
300167
600459
601880
301133
300184
000159
688027
603218
000002
002069
688488
601717
002819
600622
000543
603388
002015
603738
002439
600765
300297
600111
601882
300391
600569
301061
600321
688660
600678
300455
000550
000789
002118
301020
002996
000014
000498
300221
003030
603878
600499
003015
688277
002606
002678
600337
603128
300620
600638
600421
000591
002882
300210
603217
300369
603339
603818
000151
300158
003009
002561
000544
000899
301041
002224
300664
300232
600103
603222
600428
300919
002918
002774
600673
603801
000429
300092
601279
300859
002387
601956
000089
603688
300808
300932
000622
002093
002807
300018
300228
000892
600819
002200
688793
300873
002692
600593
688006
688690
603566
002725
600636
601001
600137
603283
300065
000969
000063
300599
002718
002579
002917
600980
600908
002284
600877
603068
603767
301185
300464
688077
837092
002312
688176
600520
002978
002218
300724
603357
688109
300201
002347
301169
301118
603042
601818
000597
603583
600229
600160
002747
002829
300267
601888
688080
300142
831370
000829
600170
300500
600537
002842
002131
688511
000153
600568
600956
000655
002209
300418
002379
002163
300305
600502
601500
300023
300613
603980
603199
600890
000680
000687
300130
002999
301129
002907
600501
600800
300660
688526
002679
301076
300185
002817
603893
300948
000751
601633
688311
002186
000502
603158
000739
002893
600085
002468
300862
002497
002685
300990
002027
603020
301093
300731
000725
600269
600662
603701
688198
300206
601319
603998
002354
300033
600070
000158
603221
002612
601989
603277
300798
000612
601086
300596
600642
688227
688228
300752
300059
600171
603087
835640
002761
300473
300550
601390
688788
688533
688707
002127
300610
300799
002867
002633
603309
000554
002706
000890
300169
601111
603929
300458
688028
300477
600606
300395
603612
300341
600996
000514
000698
300161
600592
600186
688272
002488
601699
600178
600268
688528
600760
000835
300401
000629
002457
002501
000548
600885
688585
002405
688138
600016
600290
002753
002516
605198
002473
688578
002348
002390
002825
002646
300032
300427
001317
600641
603186
300779
002155
002094
300833
600621
300941
000897
600211
002314
300485
600055
300084
600959
603018
300725
600858
603131
603595
300869
300627
600293
688261
839729
300208
603551
603766
002517
688285
002608
300335
600552
688165
603159
000721
000900
688256
600460
002913
600467
002626
000404
600984
688158
002699
002320
600096
601601
002432
603665
688221
002768
300188
000400
300419
000616
688565
600328
002653
688680
000889
600618
603586
000673
603197
601890
300777
605016
605366
600422
300603
600371
601698
300370
300584
002207
600389
300055
300555
002691
600848
002811
688107
002145
002381
603351
002066
600887
002511
600192
002238
688558
300755
603737
836826
300532
600146
002151
000636
601999
300030
300471
300296
300331
300490
002755
601816
002372
300952
688390
300653
600546
600742
002083
300478
300921
300534
002337
600017
688136
688668
834682
300119
002962
600282
300991
003000
300578
600493
002235
002821
300970
603950
300237
688156
688345
603608
603808
002559
300893
600246
300593
002759
601778
301036
600203
603507
603658
000898
688179
301049
000718
300245
002068
600690
600543
600601
601901
601997
600529
000652
300022
002943
603667
300155
601019
300743
603960
002647
688229
600716
002288
000720
002491
600498
600153
002149
300144
603978
605116
002418
300540
603366
605118
430489
000912
002046
000333
300807
600871
300163
600983
601218
301052
601162
688039
000882
300983
600702
002610
300569
603871
300330
002082
688819
300303
600217
300756
688026
002574
002132
603598
000600
603685
300713
600758
688517
000078
000677
002398
000563
002856
002873
300429
300682
300772
301024
601615
601908
688567
002984
600761
000050
300797
301055
603289
002745
002820
603601
301126
002659
300343
300510
300922
002475
000973
603167
600008
600571
002133
603496
688513
000545
000780
603757
002032
603926
831768
300517
002673
688010
603100
002992
002850
601975
300174
600830
600796
688116
600082
600248
688505
601838
002575
000410
603515
301017
603200
003018
688023
002258
688598
300279
300715
002687
688663
600663
601929
603110
600319
002971
300199
300318
301011
600879
603565
002377
603319
000752
000785
002397
002102
600033
688658
002119
300380
600158
834765
600380
000017
000628
600418
002472
600090
301047
688016
002599
300078
002584
002074
600012
000756
603106
600468
000800
002798
000012
002249
600714
600028
000970
300151
600713
002905
603008
600869
300616
000825
300849
002037
002932
002696
300244
600596
600023
688160
600157
688258
000713
600075
600563
603171
300716
002656
000650
000488
301032
600406
002965
688082
601969
000056
002173
603007
688005
605305
002165
688609
000783
002841
002237
002409
600679
600332
002576
300820
603230
300192
300494
000959
601566
601899
603326
600643
002465
300205
000040
688718
000885
000593
001267
002663
600210
600481
600851
300558
000638
601012
002455
603330
002250
601101
603383
002474
600037
600785
002247
600291
002101
603239
688196
688257
002969
688190
300036
300091
002538
603589
002030
600125
000036
600777
000505
002502
603060
300582
300270
300257
601188
688520
603133
300218
002788
300765
688305
002324
301031
600540
002991
603611
002985
300428
300298
000932
002128
002946
300608
002059
002791
300785
600767
002038
000733
603568
300964
300329
000403
300586
000972
600906
603876
002356
601677
600249
002908
605599
603727
600354
601898
688601
002879
300177
300928
002458
603822
000402
002597
603858
600405
600556
605080
832566
600825
600216
300949
300194
301050
600139
601177
601700
688133
688550
300885
301106
600004
002080
002713
688066
002168
601456
002089
600630
002837
002417
601088
830964
600369
600530
000609
002388
001208
002275
601860
300268
601011
603233
300879
600073
002422
000831
688300
688701
003002
600754
688255
000042
300295
300751
002104
002045
600693
002739
300099
601588
688106
000631
600348
000568
002864
688321
300261
300070
000848
300392
002623
002521
600080
603882
688536
002013
688246
000952
002553
600333
600114
688123
000806
002086
300825
002712
300498
002667
603317
003017
300579
002925
600967
002773
603001
002796
300363
688313
002926
688659
300583
603709
000919
688012
002816
603786
688113
002005
300778
300830
300987
002213
002824
603408
603679
688766
300597
002762
002029
002159
600810
601939
688019
688097
300454
002135
000983
002026
600416
603389
603863
688616
600831
301127
002535
300568
002800
600383
002311
600315
600108
600438
000790
301003
301179
001211
002188
688218
603516
600156
600522
603321
603518
002483
600888
603226
688519
688004
002645
300489
002981
688171
000821
300414
600145
600736
600190
002008
002523
300436
300732
300892
688557
872925
603915
300683
601000
603995
688386
003013
603663
002493
601005
603556
002154
600919
603037
603058
600060
301028
601258
603798
688772
688296
002148
603023
002114
603992
833427
601666
600166
600619
688588
600971
000416
301006
300356
600715
603180
000025
301038
002204
300638
300866
002544
300640
688220
000801
002106
300394
300817
600803
002518
002901
300117
600587
002568
688399
000046
002949
000728
000818
001210
300956
301180
601336
601360
601515
688798
002580
603638
000758
600309
600629
600896
600874
000595
300694
002100
002534
300625
300251
002228
600237
600665
002722
002849
300461
000901
301189
603712
301198
600479
002536
600209
002805
601519
002677
600339
002922
600343
600558
300300
600928
832145
300359
832885
002558
603076
000705
002157
600617
300672
002052
603416
300415
688025
688617
003023
601200
600010
002195
000411
002855
603337
605123
603860
603606
002334
002456
300289
603311
002485
688192
002193
002335
688222
300802
601179
688187
300788
603499
688099
688561
603367
603015
300564
002543
600839
603933
300487
600875
003040
300342
002526
002360
300835
300727
688350
002743
300703
600110
300041
600133
000909
300860
605208
600193
603869
300180
002681
600757
833873
000750
000635
600794
003038
300327
300803
300890
000030
002227
600704
603790
688210
600201
688018
300497
000420
688778
300973
600559
002368
000851
603183
600676
688661
003007
000957
002482
002530
600131
600738
002075
300417
600358
300867
002852
600681
688086
002170
002404
603071
002436
002115
002765
601811
000688
002709
600660
300566
600284
603662
603063
603855
002061
002993
002407
300238
600763
002519
300468
601388
300006
300926
300278
603609
002868
600870
300126
000667
300223
002828
600525
688286
300506
002164
002338
605166
600730
002112
002587
605577
603613
000590
002810
301099
002751
002564
002950
300068
300619
301190
301221
600119
603880
002539
688168
000862
688239
688589
688621
836239
300746
870436
300069
600955
688090
000966
301023
605099
300782
002169
605179
300108
300894
002592
000032
300239
600963
300795
600312
000931
002003
002065
603305
002581
603113
600726
300195
300552
300601
600078
600615
600449
603077
601992
600735
002846
835670
300536
603888
603165
002948
301057
002192
000833
688096
688155
601919
301088
605128
002035
300129
688093
605588
002831
300160
688665
001206
002746
300649
300580
002614
002884
301026
603096
300771
603567
300005
603680
002091
688212
002152
000716
002274
003021
300984
688225
000987
000576
002111
000859
000501
300250
002203
605011
002339
300424
600329
688682
600105
000999
002515
300138
002446
600123
605069
000035
300408
003039
603655
002122
301086
603776
002977
000685
300832
301087
002426
600095
300422
300856
301019
688075
002306
002361
688599
000792
002095
301077
000702
002264
002752
002386
300135
000519
600238
600654
605117
002251
600386
000038
000709
002137
002806
603722
601216
603043
600744
300354
688639
002611
300382
600396
688633
600725
002632
600385
688248
300651
603922
601865
002160
002586
001896
002833
600507
600271
603955
002628
600199
002705
003016
300889
600489
600812
688215
688356
600793
002437
300007
300009
000707
688365
300287
002081
603906
002775
002385
300845
601318
000539
603833
300931
000921
601718
300726
300814
603345
688037
300046
002839
300851
002343
600121
600226
600594
002248
601021
688057
002419
600705
600029
603488
300100
002246
600159
601689
603045
600740
000553
000049
301206
000819
600969
300011
003037
300317
300733
300102
002848
600651
688079
000918
605006
300040
601233
000766
600275
603687
833523
002655
600633
600234
600718
002014
605389
300996
002358
600266
600267
300350
600750
600823
002443
000425
002277
603789
002441
605100
300917
688787
300451
600035
603266
301122
601619
600555
600668
600792
601238
300027
600695
600859
601766
600648
002424
000875
002507
300997
000778
601330
603006
688303
002780
600719
600827
605303
600539
688081
300260
600072
300143
603800
600873
601607
688166
603322
002332
000150
300588
600855
605168
600302
430198
688288
300633
002254
300810
600653
300708
688336
600435
001201
688330
301116
603899
600027
002297
002853
000782
000858
603139
603166
000524
002302
600372
605399
002142
001288
688366
601231
002815
300288
300989
603990
603529
603758
688260
000737
601921
002330
600076
003020
002921
688314
300146
000668
600057
002700
600109
603486
603708
688571
600225
600393
300577
600755
300004
301039
300666
600325
600783
300843
600572
002748
002947
002763
600513
600022
001296
002098
002055
002900
301013
301155
600236
603987
000915
300453
300739
600195
300854
002618
002057
002245
000407
002047
300594
300767
600083
000528
300089
002097
603788
603118
002734
002216
000911
002889
600106
001289
600365
300325
003012
603867
600233
600729
000815
600576
600778
600143
603256
603219
603629
603989
002406
002012
002449
300690
600173
603505
002733
832225
002333
002480
000671
300066
688121
600359
002801
002140
002283
605228
300950
600379
000632
002174
002727
603588
300031
002550
601211
300930
688083
300693
000589
688266
002158
300096
600561
000917
601007
002067
603811
603377
601686
000665
301100
300846
002454
688418
603208
600285
688178
688776
601688
600362
600686
600784
603839
002777
301062
300979
600808
002927
601155
603126
605199
300121
300481
301113
300148
301128
600547
000428
001914
300689
300898
600118
603036
002427
603686
603306
603829
000863
002322
300071
830799
002285
839167
688089
000796
003028
002183
300642
300740
831856
002872
600182
600814
300064
300215
605339
605337
600399
000016
300132
688200
002298
605259
300884
600820
002099
600297
600517
600586
605018
002396
002567
600597
002096
002662
600975
000798
300253
600221
000732
600370
600433
601288
002036
002698
002703
603033
300093
600117
002738
603600
600287
600764
688185
603778
600420
002693
300681
600962
688389
003008
600149
600081
600917
605155
002750
300521
603848
300994
603301
002301
603323
000878
600015
000926
600567
688151
300741
003010
601598
688357
603316
301016
688768
300592
600009
600007
002353
300412
300348
600058
688189
002931
300783
603657
002393
300249
601008
600395
605377
001213
300546
000552
002121
002054
600613
601881
300528
600456
836263
600645
600019
002870
300554
603329
000711
002588
002524
300748
300698
600336
300002
300376
300563
601579
002185
600345
600516
002479
000719
300134
300470
600510
000876
002331
600511
600475
300671
688317
688628
688636
300165
688265
603859
300939
002208
300858
600059
600168
600599
601728
871553
600239
600708
002955
603707
688092
300745
300916
002504
601225
300495
300153
600620
002726
002545
002496
688058
002657
000028
002591
603050
300829
300024
002376
603168
000623
300217
600608
603628
600273
300347
000010
603268
300985
605507
688301
000625
605088
300562
688135
600446
001209
300209
001696
000605
603385
688100
688355
002279
688360
688500
000791
002269
000993
300307
600436
601156
688383
000045
600707
300547
300367
002383
000679
300520
300137
002557
300543
002211
000683
600388
603098
603288
603949
002838
603214
000955
300360
603725
300378
300248
000722
600260
600664
300309
002812
603223
300623
000606
300220
002231
000881
300440
300111
002887
002987
002683
603773
002898
000816
600089
603718
300430
300491
002563
600036
601399
002613
688679
688456
300903
603390
688555
002688
002341
688122
000965
836675
300452
002205
600789
000988
603689
002300
601857
002413
002603
300338
002117
002989
837242
688186
002851
000581
300958
605033
000510
688182
600894
000408
688425
002242
600781
002548
002048
600720
000338
300877
002412
002735
300680
600997
601866
002489
002583
000561
300097
300463
300589
600706
603728
002740
600241
002512
603890
605090
688385
688596
600052
300166
002141
600079
002190
603318
000659
002435
002529
300706
833994
002181
301043
601226
603227
603666
002589
688556
002481
600780
300707
001979
002661
603616
603895
300882
002156
300705
603683
600483
000925
688685
002345
300387
600846
603936
300819
603002
301053
002451
002243
002336
600067
600590
603856
688216
002232
300609
301058
601166
600122
601825
300115
600734
603335
002357
688038
603661
603991
300294
000058
603466
600478
000686
600985
300406
300585
300757
603380
301117
300538
600392
601311
603136
688050
002757
601808
600136
300450
300178
688118
603730
300255
603026
000895
300717
300139
000513
688595
832317
002378
300647
600360
002440
003043
301033
000611
300769
600756
002010
603993
603896
002686
002818
002896
002860
300482
300034
002585
300283
300518
300881
300557
603968
301071
688396
002270
002988
688117
600841
603977
688062
603236
603232
838030
300581
300396
002428
000727
002073
002470
300641
000715
000997
300679
603078
000533
002911
300865
600053
002956
600094
688159
600741
600692
002840
603095
300657
601339
603866
603931
601077
688681
300203
300925
002625
603603
605098
002103
300902
603286
688338
300308
000547
300277
603009
605077
688312
000062
603909
300214
600605
000820
603511
002513
600667
002039
600243
601108
002278
300559
000518
300522
601002
601577
300154
603703
300526
605500
601985
002982
000922
002049
601869
833509
002365
002197
600961
600626
300895
600883
601958
600711
300868
600732
002256
601567
603181
600551
000565
000571
300402
000958
002783
300357
002034
600400
600562
605369
002120
002316
000506
300285
605058
002184
002888
002749
002042
002891
002881
600189
002782
300571
600277
603877
605338
600064
600566
300507
300565
603169
002636
600419
002643
600318
300200
603648
300462
002423
000021
605133
300133
688129
603939
603081
600977
603005
002990
301217
002369
000786
605086
002822
002897
600251
002295
600935
300617
300531
600897
605177
002569
688201
688059
603810
300286
300355
600461
600889
688670
600198
603639
002318
002630
300230
600616
834599
002126
300572
688697
600187
600409
688568
600130
002355
603083
000908
600595
001212
600866
600976
605186
002878
300371
300050
600505
605277
600151
300302
600580
300722
300472
603988
000009
300768
002033
600048
002542
688699
600722
603156
000048
600683
600749
003004
836720
300648
002836
003032
300416
300229
300852
300284
002694
300045
002624
002022
600415
600570
601016
600280
688015
300476
002957
300282
300384
300513
688711
002310
300844
603093
002899
300240
000026
301228
002605
002241
830839
002862
300763
688298
600929
301001
000838
300164
688700
603739
002085
601015
600261
301060
300076
000967
601801
001207
600184
603706
600298
600876
600366
002401
600682
000731
300831
603444
002234
603359
688553
002640
300407
600775
000156
000619
600771
600979
600361
000586
000701
002399
300147
300088
300747
600998
300019
603919
603768
600207
603959
688070
688259
002395
002051
002728
600062
600188
603605
000651
002522
300122
603108
605555
600863
300118
002639
601116
002041
300116
300480
688148
600039
601568
600167
300385
002056
300211
002877
600652
300175
002007
300947
600872
300643
000551
300265
600220
600490
002079
603085
300413
000793
300575
600828
300614
600966
300721
300900
002895
600759
300729
603324
603456
603378
601789
603517
300087
600989
002972
002577
600727
835305
300280
002912
